[gd_scene load_steps=2 format=2]

[ext_resource path="res://SettingScene/CharacterDemoScene/test_map.tscn" type="PackedScene" id=1]

[node name="Spatial" type="Spatial"]

[node name="testMap" parent="." instance=ExtResource( 1 )]

[node name="DirectionalLight" type="DirectionalLight" parent="."]
transform = Transform( 0.337627, 0.519235, 0.785114, -0.295484, -0.733463, 0.612145, 0.893699, -0.438665, -0.0942115, 2.43143, 2.90405, 0.554257 )
light_color = Color( 1, 0, 0, 1 )
light_energy = 0.3

[node name="DirectionalLight2" type="DirectionalLight" parent="."]
transform = Transform( -0.700284, -0.269561, -0.661013, -0.295484, -0.733463, 0.612145, -0.649839, 0.623994, 0.433982, -1.84205, 2.90405, 1.86525 )
light_color = Color( 0, 1, 0.458824, 1 )
light_energy = 0.3

[node name="DirectionalLight3" type="DirectionalLight" parent="."]
transform = Transform( -0.999835, -0.017482, 0.00488461, 0.0051647, -0.0160125, 0.999858, -0.0174013, 0.999719, 0.0161001, 0.15907, 5.04101, 0.206151 )
light_energy = 0.3
shadow_enabled = true
